1.86611
13.48333
32.82766
44.71912
36.52284
24.18649
27.83706
48.44273
23.40215
14.98126
34.51291
39.74550
48.13803
10.47314
16.40032
10.68264
41.17077
43.45158
37.33321
8.13017
48.41344
7.61409
29.79567
1.62988
10.76165
20.03017
34.56237
17.01794
41.38229
46.03144
38.91278
10.65122
41.03388
45.42649
13.01231
12.47046
24.90487
25.69754
27.32250
2.64200
21.50924
35.28839
25.22266
47.55422
40.93170
26.03651
26.61602
13.43652
34.21634
37.22022
24.65023
13.65813
46.59208
8.81677
39.31742
47.81162
8.42437
30.18394
18.19135
49.74548
22.15560
13.12857
6.59767
25.98326
31.85870
34.11224
6.61666
4.92024
37.65902
13.58037
22.58867
7.53977
12.13073
2.29587
5.94935
24.11593
7.40135
45.08891
15.63455
6.20414
15.93621
19.34494
2.93017
34.35271
5.08526
42.17412
47.22721
33.22906
12.77204
19.77011
36.06943
38.65734
48.88306
24.88545
17.73712
16.63423
9.60702
40.48813
37.25791
48.50579
10.16427
33.12827
31.64096
12.10976
24.40452
22.16186
34.44057
35.73260
47.80148
21.83184
18.41147
31.89417
44.47269
32.23186
45.50674
30.25293
44.88714
32.70134
47.25324
19.09106
43.38694
48.68827
44.13965
12.75158
39.65221
27.00420
49.23346
4.70978
16.44556
16.23461
43.09867
31.70322
10.49824
27.79663
3.43372
24.68612
29.77545
19.38501
11.30060
40.23718
38.49113
20.13143
8.92941
33.08493
14.46111
7.31318
49.68063
15.42062
28.34908
8.46882
30.58384
45.72414
27.33208
29.18659
29.28252
25.76782
14.88993
19.68883
44.69448
44.09834
25.19734
30.40017
46.28507
16.43074
18.17148
5.20450
18.25769
34.84761
22.65396
8.69118
39.76693
4.86997
14.12446
34.86840
22.18160
9.14768
16.76029
19.55545
1.98332
18.06633
49.57944
20.99529
16.67688
29.40764
14.30161
10.62904
19.18434
3.18691
23.22837
40.54490
42.58897
21.37857
8.11294
34.41298
42.44660
41.00094
47.44452
35.72331
8.88238
23.51598
16.07404
17.77218
4.96626
13.04322
13.99611
42.38987
16.18772
33.03948
17.06864
6.51420
41.07355
40.98619
3.42520
24.73389
37.20455
12.78127
2.97961
31.99249
1.41981
26.69326
2.39055
43.41218
27.28046
14.89257
12.87644
12.61486
40.21268
46.16608
10.72766
46.44819
29.56645
9.34625
22.92975
36.81471
34.54407
43.34702
46.35016
43.77225
35.64513
40.19035
26.14197
1.20801
20.32386
24.81851
10.00827
15.47348
29.71479
1.32959
18.84612
2.18690
17.34652
30.77506
10.98205
2.62447
42.72684
47.20630
11.69399
15.66482
35.79646
6.96187
37.00046
14.10825
8.90307
43.72395
12.56786
6.86173
2.81426
23.03257
24.39899
45.38174
47.96120
22.88651
6.75350
41.99357
44.60741
31.37822
9.59410
34.27775
18.07919
24.95207
43.73159
38.15115
14.93296
16.57184
5.69760
14.58277
44.21485
19.72197
22.67456
25.90010
22.53067
6.46698
20.91151
30.34509
16.57601
25.20005
10.74376
33.97312
40.73502
20.31003
24.34669
42.91946
25.87556
41.04902
25.10967
41.50158
8.77481
45.10866
18.90399
13.32955
2.48941
46.46933
48.64006
37.53576
3.69258
28.12754
38.61033
47.98486
24.31345
10.40585
13.03993
21.78832
22.57365
6.17978
29.48404
26.66957
14.29619
8.81357
38.70374
21.87877
44.76903
23.75422
43.53286
24.35585
3.09196
22.64355
38.32448
32.73617
45.84347
35.53380
15.03460
45.91158
46.41378
33.34613
40.38213
13.14459
2.47975
16.68508
10.06347
36.74742
37.90691
27.03717
46.52705
22.36672
7.67302
16.33617
5.22323
8.23665
2.51480
6.84202
35.57381
32.70079
14.45180
46.44388
17.76279
13.93011
6.08680
5.83275
1.55265
3.76309
8.36457
18.45246
26.51936
29.92428
38.11118
36.70837
46.74643
18.33336
47.64400
16.60540
14.51258
21.61507
10.52189
22.41780
28.25385
41.21953
44.53603
45.53828
46.66376
49.29655
26.27573
43.03466
41.89196
6.69684
13.93007
38.22737
35.20609
25.47548
47.70089
23.13679
41.50899
14.25550
42.40715
39.43882
13.09881
29.54499
42.94063
38.28586
34.86443
24.97490
25.25736
1.07082
17.43218
13.49239
48.86950
19.38528
6.58712
2.52075
7.96468
22.47619
28.18701
40.63722
1.37251
36.50304
48.87340
35.67581
18.15122
38.84922
26.52809
21.78066
3.37181
8.16146
26.45867
6.91714
24.56078
17.30589
20.09399
43.63540
32.66669
12.53923
46.31608
6.38971
24.22431
30.93084
33.55824
30.34013
36.68201
42.96128
33.97307
9.10599
30.33738
42.62544
7.54874
39.58434
45.22492
12.17986
44.81114
16.43071
18.00735
18.91485
1.84026
15.81834
4.74883
18.62397
8.35394
13.86945
30.82061
17.49849
8.32083
49.61563
44.29633
32.60124
18.80492
37.53361
9.35107
24.26792
40.61123
48.51471
31.98414
46.98855
41.91381
26.89256
47.61527
49.23459
3.90251
9.02155
31.10646
41.15370
31.29870
13.38479
12.65071
48.39929
22.50723
23.60786
18.11534
27.08784
45.90475
24.74720
17.15300
40.37464
21.47048
26.36743
20.43730
32.65781
42.48480
39.28550
38.91793
15.56500
8.09306
25.45159
45.61528
47.54650
23.88611
9.26681
32.28778
25.55873
25.72225
42.20337
7.01389
31.94489
41.60898
41.01182
38.55827
34.58637
47.70893
14.58308
42.08631
22.90356
14.25537
1.86458
40.62905
13.05827
13.41840
46.38348
16.40531
40.94009
45.85893
21.09194
35.24565
26.38100
36.72317
22.25159
34.56096
42.90666
45.06258
10.70516
5.82855
38.17925
39.36856
33.24923
10.74342
43.21739
13.30611
31.15230
13.13965
6.14823
8.81925
24.82202
34.01376
45.26924
12.32705
47.51338
23.42859
18.83801
13.44345
20.37076
6.29283
40.50663
1.68820
22.83589
7.29589
46.80905
28.99684
11.70984
9.64601
16.47485
31.18182
7.43629
39.32684
12.42342
48.65413
24.51853
41.18072
15.47629
7.62023
1.55124
34.15505
20.80287
10.50987
18.57521
45.44921
47.91145
40.76679
37.54696
2.87910
32.50949
45.28658
4.95386
13.49031
26.90419
37.17378
31.57832
33.26572
42.75959
23.97949
11.39571
23.68458
36.10484
7.82002
39.20843
23.12150
42.95088
9.11479
40.94557
45.15857
34.79132
28.34693
16.95572
20.21631
38.45019
1.64252
7.76427
44.08129
15.48624
14.62195
24.79608
28.65077
7.93594
45.48991
7.44581
14.62912
22.59478
47.47223
34.26848
5.82268
18.28578
27.60027
43.51283
12.81781
11.06910
15.66335
4.57854
42.75705
48.00435
30.87570
11.73819
6.77729
20.28739
26.56901
13.51903
8.98232
18.96344
49.23871
3.43586
33.38988
18.51721
47.43435
34.86154
45.79734
24.21176
31.53940
24.36779
24.35994
18.30946
17.18625
24.79906
39.68294
48.61836
5.89106
23.66402
48.23592
48.70994
48.06374
5.71316
16.60873
17.25089
11.42768
1.59564
46.03769
44.49793
14.82560
11.24557
13.66631
31.86288
37.40612
14.75859
19.48256
21.98978
19.64148
17.89696
8.63985
48.49387
14.41134
18.14286
42.10802
30.10596
30.91975
23.99459
49.13742
12.59426
49.96054
4.89494
25.74473
21.36016
23.66144
18.04752
21.53074
45.31641
48.18542
16.29755
33.17980
10.58093
40.35098
12.53212
10.81787
48.89625
1.02527
20.31965
2.85832
38.95514
35.21062
8.40299
40.68335
14.79055
47.12658
20.10730
43.61342
48.87897
7.69289
15.76819
6.57983
42.03087
39.12506
39.75978
40.71706
35.90460
47.24037
5.23316
41.86538
6.85479
12.41551
43.53066
49.51798
31.40652
44.44645
40.93490
10.02634
4.92453
47.63620
14.25511
4.42581
30.32960
11.23843
11.50634
34.87059
38.17447
9.78035
4.77488
39.30902
38.93246
29.12648
14.26095
13.61895
10.74025
13.89598
48.12562
4.11055
34.70438
6.58905
16.59235
45.97465
25.38961
48.48852
17.22486
14.86516
37.14439
29.93225
26.98974
6.38222
28.67013
36.31064
9.63307
39.09549
23.86790
47.70574
31.10966
29.53080
3.37613
35.71738
28.68460
22.03287
26.04617
31.37572
6.55314
34.59673
8.53142
17.18199
18.21120
3.77671
44.69583
19.54494
45.18135
19.96418
13.02945
4.10961
7.84746
48.81194
21.66369
25.38816
31.56991
45.62239
11.46692
5.89740
30.97206
16.75403
48.45891
41.40581
1.43862
16.57312
18.41490
28.21220
32.09516
32.44276
22.41883
23.11876
4.68850
33.58491
45.05107
24.36132
20.88423
45.70612
35.42564
10.83385
30.22705
15.53774
29.04258
14.40847
49.96798
28.92461
45.34932
13.85853
8.19162
14.20705
3.91568
18.61140
9.65190
41.08639
5.07866
7.80106
28.68029
36.49916
38.75082
36.65207
29.68269
48.52989
3.91322
34.33845
23.03704
35.75316
33.25622
44.80000
8.59889
46.17198
29.28883
16.65639
22.64550
18.48688
37.11160
15.10296
26.32733
3.49269
8.32297
26.37235
10.80827
7.67669
48.42144
29.21523
15.97400
49.23798
38.35590
41.89213
21.56260
46.10678
7.65736
20.36326
34.88608
27.54107
5.04556
1.79487
24.95221
9.65404
16.38679
41.71682
40.82585
9.31424
10.16449
37.55421
10.65536
23.95983
24.07506
48.78737
41.07958
23.33909
4.76993
47.26253
24.25886
33.67631
27.84141
35.67291
42.35238
13.85472
6.05110
40.98061
23.62780
46.36701
43.94517
33.75485
15.27867
34.27156
40.64006
22.69057
40.46912
49.84278
17.33857
30.26370
21.26358
21.90432
27.65184
17.23847
18.86004
18.57342
43.86660
46.48140
25.85742
5.21058
4.86881
30.11019
42.47724
22.50997
2.03178
19.74671
8.92063
47.65323
47.64833
34.16144
30.64972
9.65405
38.94260
18.03337
30.61996
12.93234
5.83393
15.96863
4.16940
33.77003
32.55171
36.83627
18.59176
29.90862
37.17471
5.71293
30.64285
35.33480
29.98658
36.10260
4.27445
26.95710
35.97166
35.21308
25.79067
45.14406
6.94889
1.07092
10.70379
48.99279
13.36147
30.20122
26.09622
17.37346
24.83423
13.87022
30.86961
21.08434
5.32094
45.31549
13.38557
25.14232
22.59591
24.30028
37.90200
5.79992
25.10030
39.33283
8.55471
25.38554
48.14428
35.42316
10.15524
1.33748
10.90215
