27.95282
27.27065
26.40293
26.48291
26.58100
27.15348
26.34058
26.82682
27.08965
27.51528
27.87832
27.53528
26.82536
26.03015
26.41562
26.74177
27.54657
27.88254
27.87688
27.25552
26.83357
26.35146
26.46370
25.94079
26.50354
27.13401
26.80139
25.99689
25.84561
26.04624
26.91522
26.53610
26.04361
25.91630
25.99033
26.15099
26.32811
25.42544
25.96923
26.72906
27.13958
27.82007
28.08492
28.08655
28.07466
28.21194
28.42815
27.68998
28.14782
28.32389
27.85698
26.86391
26.82043
27.48268
28.24405
29.00454
28.49345
28.85415
29.17956
29.38187
29.58655
29.17752
29.58238
28.72193
28.88802
28.02747
28.79270
28.16000
28.87337
28.07752
27.88839
27.46623
27.64373
28.60557
29.58954
28.90539
28.40445
28.37749
27.40611
27.97233
28.28788
27.84108
28.04285
28.45867
28.93792
29.15416
29.94664
30.80262
30.23424
29.85279
29.21776
30.12680
30.29878
29.87330
28.93763
28.64585
28.84964
28.50497
29.30446
29.33303
30.00043
30.22309
30.46150
29.87955
30.29290
30.96592
31.32240
30.60874
29.90562
29.28315
29.80593
30.33533
29.65746
28.85720
28.87849
28.06578
28.29679
28.01029
27.37339
27.86510
27.37694
27.06514
26.73488
27.14083
28.05051
28.79036
29.25973
29.20339
28.20858
28.49133
28.23950
27.98993
28.29179
28.46728
27.75985
27.20137
26.61088
25.69039
25.41737
25.77670
24.86664
25.14275
25.06488
24.66005
25.29097
25.58904
25.76253
25.88853
25.92878
25.74934
25.97586
25.59931
26.50557
27.49735
26.66994
26.89846
26.73589
27.58108
26.72217
25.91766
24.94445
25.24047
24.98404
25.66645
26.52200
27.41525
27.38064
28.00064
27.43991
26.83344
27.02201
26.36587
27.04300
26.87713
27.19669
26.98985
27.73199
27.00428
27.37859
26.62000
27.54341
28.06661
27.93940
28.07018
27.14997
26.20642
25.89115
25.30061
24.49597
24.20483
24.03624
24.43102
24.01763
24.59670
25.11845
24.42014
24.72082
24.06306
23.97134
23.17197
23.10381
23.74183
24.29285
24.86803
24.13578
24.13685
24.07867
24.34272
23.49472
22.55814
22.69038
22.93288
23.91961
24.53090
24.22983
24.73808
25.11586
25.47086
25.52591
25.74906
26.29660
26.36132
27.21549
26.71327
27.67880
27.72353
26.92217
27.76302
28.29448
28.02412
27.25794
27.52365
28.03900
27.76247
27.03612
27.25125
27.26648
27.59953
26.68225
27.53355
27.57468
27.95371
27.82990
28.43789
27.87882
28.53613
29.42838
28.82000
29.07771
28.34835
27.95187
27.29632
26.97349
27.79736
28.01610
28.86355
28.04657
28.70508
28.61363
27.63686
28.48243
28.70734
28.90744
29.36314
29.19776
29.70525
30.43605
31.02380
30.42055
31.09085
30.13988
30.82919
31.39168
31.48594
32.10797
32.81707
31.94200
31.58668
30.88581
30.14780
30.83925
30.63072
30.73521
30.78547
30.09435
29.79241
29.13739
30.01657
30.74389
31.73627
32.38499
32.98650
32.17024
31.68908
32.27850
31.85821
32.80670
31.99598
31.93496
31.98317
31.82491
31.07878
31.52495
31.43273
32.01175
32.71839
33.51910
34.41375
34.61288
35.58400
34.76400
34.83555
34.44204
34.82200
35.71522
36.62928
35.88781
35.95895
36.29817
36.10815
35.97703
36.17531
35.37827
36.11304
36.77234
36.25796
35.60800
35.93152
35.04883
34.34571
33.64314
33.50656
34.20627
33.90896
34.66765
34.69240
35.57733
35.66052
36.64133
37.54689
37.40080
37.38263
37.56010
37.39047
37.93520
37.26508
36.76916
35.91915
35.93446
35.38590
35.56872
36.29110
37.16018
36.37487
37.30234
37.94495
38.16087
38.73133
38.18260
37.60737
38.25047
38.35436
39.24551
39.30999
39.66278
39.30358
38.54942
38.47823
39.18741
39.08585
39.68095
39.28769
40.00731
39.48583
40.31362
40.35737
41.21935
41.58572
41.23480
40.67245
40.79538
41.42204
40.60247
41.05807
40.79188
40.66461
39.76710
40.70924
41.62870
42.59477
41.70106
41.49000
40.71195
41.27566
42.16296
42.98342
43.12558
43.86984
44.51457
43.75951
43.52216
42.65591
42.09060
42.26517
42.13513
41.37170
42.09508
41.41132
40.46867
40.19130
39.19612
38.23478
38.79832
39.76949
38.88545
38.47350
38.43805
37.52963
37.92376
38.44735
39.04090
39.39123
39.28416
38.63569
37.89963
37.85181
38.46103
38.04164
37.39232
37.04615
36.70412
37.10016
36.57055
35.63651
35.89695
35.03223
34.83608
35.65509
36.03917
35.15458
35.47358
36.21353
36.90271
37.48101
38.19235
38.96242
38.97589
39.96669
39.45508
38.50968
38.34663
38.97455
38.72777
38.74566
39.39530
39.31702
40.21636
39.46000
38.93531
38.64333
39.60250
40.10641
39.48268
39.56410
40.08800
39.14315
39.75223
40.06927
40.50536
39.53960
38.96258
38.11753
37.39233
38.31539
37.90911
38.37965
38.33264
38.84946
39.75998
40.38155
39.43104
39.48960
40.04700
39.81553
40.58892
40.97444
40.92858
41.53398
42.25926
42.23841
41.31274
40.99465
40.66899
41.59923
41.95212
42.15379
42.55185
42.45001
42.65134
43.27901
43.35987
43.56728
43.69968
44.44757
44.02519
43.79144
43.41922
42.48119
42.20130
41.35660
41.31713
41.82897
42.64742
43.11959
42.61462
43.29653
42.80030
42.27114
42.83253
43.65104
43.48720
43.31768
43.36259
43.08699
42.18334
42.42894
42.28922
41.76677
42.63278
42.37338
42.69305
43.36385
42.78127
43.54980
44.42626
44.30140
44.76894
44.38623
45.32457
44.64658
45.58772
45.71899
46.22756
45.68329
44.71101
45.56130
45.61933
45.50515
46.07251
46.21197
45.42703
44.66694
44.94679
44.15976
43.37504
42.37896
42.39797
42.20541
42.33483
42.46497
43.29305
42.30301
41.81386
41.67762
42.29380
41.39318
40.93671
40.15216
40.73749
41.51874
40.74255
41.53140
41.52826
41.33931
40.76954
41.37715
40.82876
40.24739
40.92572
41.40054
40.77675
40.92979
41.52792
42.17609
42.18077
42.54856
42.36302
42.36347
43.12705
42.12995
41.69791
41.14400
40.72778
41.18000
40.30618
39.54261
40.16896
40.17993
39.25440
38.47296
37.89181
38.11132
37.63815
37.72585
37.29731
38.20403
38.59630
37.68446
38.22638
37.62905
37.87454
37.69371
37.97012
37.89224
37.20985
37.16520
37.45935
37.07374
37.50074
37.58756
37.21455
37.61649
37.29453
37.40411
38.05687
37.85799
38.20636
38.98070
39.69594
40.57408
40.04830
39.23373
40.06866
40.05916
39.61309
38.73205
38.89148
39.09146
38.36597
37.97918
37.28800
37.67558
37.73131
38.54017
38.76832
38.86621
38.08329
38.74055
38.32604
39.04475
38.34590
38.08265
37.97211
37.62139
38.05436
38.93104
39.91121
40.84644
40.45918
39.61389
40.26233
40.18998
40.34546
39.70606
39.42666
39.89487
39.82607
40.68552
40.33735
39.43868
39.69301
39.63831
39.83873
40.20435
39.47426
38.75761
38.33029
37.95765
38.14865
37.34528
38.08271
37.68276
38.42434
38.41365
39.03499
38.52830
38.00104
38.07768
38.77066
38.24444
38.29462
37.81235
38.68632
37.75700
37.04438
37.27999
36.88192
37.58805
36.83118
37.22153
37.04914
37.11449
36.46895
36.99506
36.40927
35.53205
36.16136
36.27836
35.38225
36.03101
36.10604
36.99970
36.68506
37.04997
37.71666
37.78378
37.97281
38.02918
38.94916
38.03238
38.63599
39.57193
38.90293
37.92497
37.34356
37.22200
37.43069
37.44135
38.40036
37.75952
37.01398
36.96084
36.23042
36.22771
35.99257
36.36337
37.16554
36.96283
37.47585
36.55139
37.21585
37.97155
37.52493
36.98329
37.21127
37.70961
36.90851
36.36738
36.60399
35.83528
36.06003
35.37922
36.26545
36.55495
35.74295
35.96204
35.99618
35.52174
35.86937
36.79118
36.87069
37.28201
37.65035
37.52113
37.70128
38.53957
38.81989
38.42708
38.77216
37.82948
38.54687
39.34776
39.14756
39.02680
39.76410
38.78614
39.25157
38.34438
38.48990
37.60567
36.76819
36.45693
36.40572
35.64569
35.06798
34.62226
34.94214
34.29977
33.67532
33.70025
32.97450
32.83097
32.25466
32.07615
31.61879
32.22139
32.03276
32.83072
32.08855
32.84291
32.68658
32.89147
32.65661
32.73726
32.10255
31.37928
31.54211
30.94285
30.60386
30.54355
29.69496
29.25758
28.42493
28.94568
29.87490
30.55549
30.09713
30.16148
30.87733
30.35590
30.61029
29.68881
28.84863
27.95058
27.37876
28.28455
28.29859
27.34198
27.49564
26.71641
27.46546
26.93348
26.74853
27.07871
26.91762
26.50646
26.59297
25.59643
26.10557
25.41091
25.22634
24.56068
25.55291
25.76147
24.87581
25.12221
25.69177
26.56208
26.07043
25.88106
26.09841
25.15921
24.48335
25.00806
25.81694
24.82063
24.35387
24.78352
25.76134
25.92572
26.31472
26.20261
26.58728
26.09909
25.74842
25.95674
25.74900
25.23754
26.13477
26.09618
26.69686
26.18267
26.36743
25.56977
25.83923
25.35811
24.54520
25.12715
25.13307
24.77932
25.22776
24.25172
25.04134
24.53458
24.61610
23.84394
24.54553
24.16511
25.08687
25.15988
24.94944
25.30594
25.30214
25.68642
25.72803
26.55206
26.53607
26.07548
26.08743
25.14567
25.97092
25.37513
25.18962
26.08090
26.54780
26.59022
27.24253
26.71279
25.99785
26.94564
27.73607
27.23779
28.06570
27.40098
28.15549
27.26253
27.60253
27.81498
27.75323
27.46540
27.60114
27.65966
28.47948
29.08190
30.04143
30.15486
30.45568
31.21791
31.67476
31.95477
32.85362
33.33390
32.54907
31.81111
32.54505
31.83506
31.43176
31.43448
31.67281
30.89624
31.36457
31.73722
31.01534
30.58868
30.37075
30.78591
29.84532
30.27564
30.20692
30.50641
30.52537
29.72688
30.47067
29.71726
28.94741
28.34064
29.14776
29.59189
30.52298
30.29799
29.55644
29.81088
30.46696
29.67121
30.63548
30.09600
30.94718
31.93520
32.22736
31.41617
31.59468
31.43300
31.89669
32.43426
32.45490
32.79748
32.91136
32.97017
32.71126
33.70509
34.05745
33.54478
34.44558
33.69509
33.19608
34.17375
33.96464
34.76466
34.63345
34.08990
34.23704
34.16878
33.27996
32.99253
33.69062
34.38441
35.12151
35.04221
35.00481
34.24014
